MEMORY
  total            14.2 MB
  struct          159.1 KB
  buffer           39.5 KB
  arena            14.0 MB, used 0.3%

SIZES
  nplugin               0
  maxuse_con            11
  maxuse_efc            44
  ncon                  3
  ne                    0
  nf                    0
  nl                    0
  nefc                  12
  nJ                    168
  nA                    0
  nisland               1
  nidof                 14
  threadpool            0

TIMER
    0:  duration =  0.97       number = 8
    1:  duration =  0.95       number = 8
    2:  duration =  0          number = 0
    3:  duration =  0.26       number = 8
    4:  duration =  0.042      number = 8
    5:  duration =  0.0065     number = 8
    6:  duration =  0.076      number = 8
    7:  duration =  0.021      number = 8
    8:  duration =  0.073      number = 8
    9:  duration =  0.018      number = 8
    10:  duration =  0.088      number = 8
    11:  duration =  0.078      number = 8
    12:  duration =  0.0018     number = 8
    13:  duration =  0.059      number = 8
    14:  duration =  0.026      number = 8

SOLVER STAT
  solver_fwdinv =   0         0       
  ISLAND 0
    solver_niter = 1
    solver_nnz = 196
      0:  improvement =  0.078       gradient =  9.9e-16     lineslope =  1.9e-19 
          nactive = 9   nchange = 0   neval = 2   nupdate = 0

ENERGY =   0         0       

TIME =  53      

QPOS
  -1.6     
  -0.053   
   0.099   
  -0.13    
  -0.01    
   0.079   
   0.99    
   1       
  -0.83    
   1.3     
   1.1     
   1.3     
   0.61    
  -1.2     
   0.64    

QVEL
   0.003   
  -0.0019  
   0.0018  
   0.02    
  -0.00087 
   0.11    
  -0.47    
  -0.25    
   0.23    
   0.67    
   0.21    
   0.99    
  -0.34    
   0.96    

QACC_WARMSTART
   0.051   
  -0.066   
   0.089   
  -0.26    
   0.017   
   2.6     
  -6.3     
  -0.84    
   19      
   7.8     
   0.51    
  -2.2     
   1.4     
  -6.7     

CTRL
  -0.13    
  -1.6     
   1.6     
   1.6     
  -1.6     
   1.6     
   1.6     
   1.6     

QFRC_APPLIED
   0       
   0       
   0       
   0       
   0       
   0       
   0       
   0       
   0       
   0       
   0       
   0       
   0       
   0       

XFRC_APPLIED
   0         0         0         0         0         0       
   0         0         0         0         0         0       
   0         0         0         0         0         0       
   0         0         0         0         0         0       
   0         0         0         0         0         0       
   0         0         0         0         0         0       
   0         0         0         0         0         0       
   0         0         0         0         0         0       
   0         0         0         0         0         0       
   0         0         0         0         0         0       
   0         0         0         0         0         0       
   0         0         0         0         0         0       
   0         0         0         0         0         0       
   0         0         0         0         0         0       
   0         0         0         0         0         0       
   0         0         0         0         0         0       
   0         0         0         0         0         0       
   0         0         0         0         0         0       
   0         0         0         0         0         0       
   0         0         0         0         0         0       
   0         0         0         0         0         0       
   0         0         0         0         0         0       
   0         0         0         0         0         0       
   0         0         0         0         0         0       
   0         0         0         0         0         0       
   0         0         0         0         0         0       
   0         0         0         0         0         0       
   0         0         0         0         0         0       
   0         0         0         0         0         0       
   0         0         0         0         0         0       
   0         0         0         0         0         0       
   0         0         0         0         0         0       
   0         0         0         0         0         0       

QACC
   0.051   
  -0.066   
   0.089   
  -0.26    
   0.017   
   2.6     
  -6.3     
  -0.84    
   19      
   7.8     
   0.51    
  -2.2     
   1.4     
  -6.7     

XPOS
   0         0         0       
  -1.6      -0.053     0.099   
  -1.6      -0.053     0.099   
  -1.5      -0.25      0.081   
  -1.5      -0.28      0.086   
  -1.5      -0.31      0.092   
  -1.4      -0.32      0.094   
  -1.4      -0.35      0.1     
  -1.3      -0.35      0.1     
  -1.3      -0.38      0.11    
  -1.3      -0.4       0.11    
  -1.2      -0.42      0.12    
  -1.2      -0.41      0.12    
  -1.2      -0.38      0.13    
  -1.2      -0.36      0.14    
  -1.3      -0.46      0.12    
  -1.3      -0.48      0.12    
  -1.4      -0.51      0.11    
  -1.4      -0.52      0.1     
  -1.4      -0.13      0.065   
  -1.4      -0.12      0.065   
  -1.4      -0.11      0.084   
  -1.4      -0.1       0.1     
  -1.4      -0.098     0.13    
  -1.3      -0.099     0.18    
  -1.3      -0.11      0.2     
  -1.6      -0.18      0.065   
  -1.7      -0.19      0.065   
  -1.7      -0.2       0.083   
  -1.7      -0.2       0.1     
  -1.7      -0.2       0.13    
  -1.7      -0.21      0.17    
  -1.7      -0.22      0.19    

XQUAT
   1         0         0         0       
  -0.13     -0.01      0.079     0.99    
  -0.13     -0.01      0.079     0.99    
  -0.13     -0.01      0.079     0.99    
  -0.13     -0.01      0.079     0.99    
  -0.6       0.03      0.074     0.8     
  -0.6       0.03      0.074     0.8     
  -0.6       0.03      0.074     0.8     
  -0.6       0.03      0.074     0.8     
  -0.23     -0.0028    0.08      0.97    
  -0.23     -0.0028    0.08      0.97    
  -0.8      -0.15     -0.27      0.51    
  -0.8      -0.15     -0.27      0.51    
  -0.95     -0.29     -0.12     -0.095   
  -0.95     -0.29     -0.12     -0.095   
  -0.51     -0.27      0.15     -0.8     
  -0.51     -0.27      0.15     -0.8     
  -0.035    -0.16      0.27     -0.95    
  -0.035    -0.16      0.27     -0.95    
  -0.61     -0.39     -0.52      0.46    
  -0.61     -0.39     -0.52      0.46    
  -0.76     -0.63     -0.17     -0.0055  
  -0.42     -0.44     -0.66     -0.45    
  -0.42     -0.44     -0.66     -0.45    
  -0.27     -0.62     -0.5      -0.55    
  -0.27     -0.62     -0.5      -0.55    
  -0.46     -0.52      0.39     -0.61    
  -0.46     -0.52      0.39     -0.61    
  -0.72     -0.65      0.047    -0.26    
  -0.54     -0.28     -0.47     -0.64    
  -0.54     -0.28     -0.47     -0.64    
  -0.31     -0.41     -0.36     -0.78    
  -0.31     -0.41     -0.36     -0.78    

XMAT
   1         0         0         0         1         0         0         0         1       
  -0.96      0.26     -0.042    -0.27     -0.95      0.15      0.0011    0.16      0.99    
  -0.96      0.26     -0.042    -0.27     -0.95      0.15      0.0011    0.16      0.99    
  -0.96      0.26     -0.042    -0.27     -0.95      0.15      0.0011    0.16      0.99    
  -0.96      0.26     -0.042    -0.27     -0.95      0.15      0.0011    0.16      0.99    
  -0.28      0.96     -0.042    -0.95     -0.27      0.15      0.14      0.082     0.99    
  -0.28      0.96     -0.042    -0.95     -0.27      0.15      0.14      0.082     0.99    
  -0.28      0.96     -0.042    -0.95     -0.27      0.15      0.14      0.082     0.99    
  -0.28      0.96     -0.042    -0.95     -0.27      0.15      0.14      0.082     0.99    
  -0.9       0.44     -0.042    -0.44     -0.88      0.15      0.031     0.16      0.99    
  -0.9       0.44     -0.042    -0.44     -0.88      0.15      0.031     0.16      0.99    
   0.34      0.9       0.28     -0.73      0.44     -0.52     -0.59     -0.031     0.81    
   0.34      0.9       0.28     -0.73      0.44     -0.52     -0.59     -0.031     0.81    
   0.95     -0.11      0.28      0.25      0.82     -0.52     -0.17      0.56      0.81    
   0.95     -0.11      0.28      0.25      0.82     -0.52     -0.17      0.56      0.81    
  -0.34     -0.9       0.28      0.73     -0.44     -0.52      0.59      0.031     0.81    
  -0.34     -0.9       0.28      0.73     -0.44     -0.52      0.59      0.031     0.81    
  -0.95     -0.15      0.28     -0.018    -0.86     -0.52      0.32     -0.49      0.81    
  -0.95     -0.15      0.28     -0.018    -0.86     -0.52      0.32     -0.49      0.81    
   0.042     0.96      0.26     -0.15      0.27     -0.95     -0.99     -0.0011    0.16    
   0.042     0.96      0.26     -0.15      0.27     -0.95     -0.99     -0.0011    0.16    
   0.94      0.2       0.26      0.22      0.22     -0.95     -0.25      0.95      0.16    
  -0.26      0.2       0.94      0.95      0.22      0.22     -0.16      0.95     -0.25    
  -0.26      0.2       0.94      0.95      0.22      0.22     -0.16      0.95     -0.25    
  -0.1       0.32      0.94      0.9      -0.37      0.22      0.42      0.87     -0.25    
  -0.1       0.32      0.94      0.9      -0.37      0.22      0.42      0.87     -0.25    
  -0.042    -0.96      0.26      0.15     -0.27     -0.95      0.99      0.0011    0.16    
  -0.042    -0.96      0.26      0.15     -0.27     -0.95      0.99      0.0011    0.16    
   0.86     -0.43      0.26      0.31      0.033    -0.95      0.4       0.9       0.16    
  -0.26     -0.43      0.86      0.95      0.033     0.31     -0.16      0.9       0.4     
  -0.26     -0.43      0.86      0.95      0.033     0.31     -0.16      0.9       0.4     
  -0.47     -0.19      0.86      0.78     -0.54      0.31      0.41      0.82      0.4     
  -0.47     -0.19      0.86      0.78     -0.54      0.31      0.41      0.82      0.4     

XIPOS
   0         0         0       
  -1.6      -0.053     0.099   
  -1.5      -0.15      0.11    
  -1.5      -0.25      0.081   
  -1.5      -0.28      0.086   
  -1.5      -0.31      0.092   
  -1.4      -0.33      0.098   
  -1.4      -0.35      0.1     
  -1.3      -0.35      0.1     
  -1.3      -0.38      0.11    
  -1.3      -0.44      0.12    
  -1.2      -0.42      0.12    
  -1.2      -0.41      0.12    
  -1.2      -0.38      0.13    
  -1.2      -0.32      0.17    
  -1.3      -0.46      0.12    
  -1.3      -0.48      0.12    
  -1.4      -0.51      0.11    
  -1.4      -0.57      0.08    
  -1.4      -0.13      0.065   
  -1.4      -0.12      0.065   
  -1.4      -0.11      0.084   
  -1.4      -0.1       0.1     
  -1.4      -0.098     0.13    
  -1.3      -0.099     0.18    
  -1.3      -0.12      0.24    
  -1.6      -0.18      0.065   
  -1.7      -0.19      0.065   
  -1.7      -0.2       0.083   
  -1.7      -0.2       0.1     
  -1.7      -0.2       0.13    
  -1.7      -0.21      0.17    
  -1.7      -0.24      0.23    

XIMAT
   1         0         0         0         1         0         0         0         1       
  -0.96      0.26     -0.042    -0.27     -0.95      0.15      0.0011    0.16      0.99    
  -0.96      0.26     -0.042    -0.27     -0.95      0.15      0.0011    0.16      0.99    
  -0.96      0.26     -0.042    -0.27     -0.95      0.15      0.0011    0.16      0.99    
  -0.96      0.26     -0.042    -0.27     -0.95      0.15      0.0011    0.16      0.99    
  -0.28      0.96     -0.042    -0.95     -0.27      0.15      0.14      0.082     0.99    
  -0.28      0.96     -0.042    -0.95     -0.27      0.15      0.14      0.082     0.99    
  -0.28      0.96     -0.042    -0.95     -0.27      0.15      0.14      0.082     0.99    
  -0.28      0.96     -0.042    -0.95     -0.27      0.15      0.14      0.082     0.99    
  -0.9       0.44     -0.042    -0.44     -0.88      0.15      0.031     0.16      0.99    
  -0.9       0.44     -0.042    -0.44     -0.88      0.15      0.031     0.16      0.99    
   0.041     0.9       0.44     -0.15      0.44     -0.88     -0.99     -0.031     0.16    
   0.34      0.9       0.28     -0.73      0.44     -0.52     -0.59     -0.031     0.81    
   0.95     -0.11      0.28      0.25      0.82     -0.52     -0.17      0.56      0.81    
   0.95     -0.11      0.28      0.25      0.82     -0.52     -0.17      0.56      0.81    
  -0.041    -0.9       0.44      0.15     -0.44     -0.88      0.99      0.031     0.16    
  -0.34     -0.9       0.28      0.73     -0.44     -0.52      0.59      0.031     0.81    
  -0.95     -0.15      0.28     -0.018    -0.86     -0.52      0.32     -0.49      0.81    
  -0.95     -0.15      0.28     -0.018    -0.86     -0.52      0.32     -0.49      0.81    
  -0.26      0.96      0.042     0.95      0.27     -0.15     -0.16     -0.0011   -0.99    
   0.042     0.96      0.26     -0.15      0.27     -0.95     -0.99     -0.0011    0.16    
   0.94      0.2       0.26      0.22      0.22     -0.95     -0.25      0.95      0.16    
  -0.94      0.2      -0.26     -0.22      0.22      0.95      0.25      0.95     -0.16    
  -0.26      0.2       0.94      0.95      0.22      0.22     -0.16      0.95     -0.25    
  -0.1       0.32      0.94      0.9      -0.37      0.22      0.42      0.87     -0.25    
  -0.1       0.32      0.94      0.9      -0.37      0.22      0.42      0.87     -0.25    
   0.26     -0.96      0.042    -0.95     -0.27     -0.15      0.16      0.0011   -0.99    
  -0.042    -0.96      0.26      0.15     -0.27     -0.95      0.99      0.0011    0.16    
   0.86     -0.43      0.26      0.31      0.033    -0.95      0.4       0.9       0.16    
  -0.86     -0.43     -0.26     -0.31      0.033     0.95     -0.4       0.9      -0.16    
  -0.26     -0.43      0.86      0.95      0.033     0.31     -0.16      0.9       0.4     
  -0.47     -0.19      0.86      0.78     -0.54      0.31      0.41      0.82      0.4     
  -0.47     -0.19      0.86      0.78     -0.54      0.31      0.41      0.82      0.4     

XANCHOR
  -1.6      -0.053     0.099   
  -1.5      -0.31      0.091   
  -1.3      -0.36      0.11    
  -1.2      -0.39      0.12    
  -1.4      -0.49      0.12    
  -1.4      -0.11      0.065   
  -1.4      -0.091     0.16    
  -1.7      -0.2       0.065   
  -1.7      -0.2       0.16    

XAXIS
   0         0         1       
  -0.042     0.15      0.99    
  -0.042     0.15      0.99    
   0.28     -0.52      0.81    
   0.28     -0.52      0.81    
   0.26     -0.95      0.16    
   0.94      0.22     -0.25    
   0.26     -0.95      0.16    
   0.86      0.31      0.4     

GEOM_XPOS
   0         0         0       
  -1.5      -0.15      0.11    
  -1.5      -0.28      0.086   
  -1.5      -0.31      0.092   
  -1.4      -0.33      0.098   
  -1.3      -0.35      0.1     
  -1.3      -0.38      0.11    
  -1.3      -0.44      0.12    
  -1.2      -0.41      0.12    
  -1.2      -0.38      0.13    
  -1.2      -0.32      0.17    
  -1.3      -0.48      0.12    
  -1.4      -0.51      0.11    
  -1.4      -0.57      0.08    
  -1.4      -0.12      0.065   
  -1.4      -0.11      0.084   
  -1.4      -0.098     0.13    
  -1.3      -0.099     0.18    
  -1.3      -0.12      0.24    
  -1.7      -0.19      0.065   
  -1.7      -0.2       0.083   
  -1.7      -0.2       0.13    
  -1.7      -0.21      0.17    
  -1.7      -0.24      0.23    

GEOM_XMAT
   1         0         0         0         1         0         0         0         1       
  -0.96      0.26     -0.042    -0.27     -0.95      0.15      0.0011    0.16      0.99    
  -0.96      0.26     -0.042    -0.27     -0.95      0.15      0.0011    0.16      0.99    
  -0.28      0.96     -0.042    -0.95     -0.27      0.15      0.14      0.082     0.99    
  -0.28      0.96     -0.042    -0.95     -0.27      0.15      0.14      0.082     0.99    
  -0.28      0.96     -0.042    -0.95     -0.27      0.15      0.14      0.082     0.99    
  -0.9       0.44     -0.042    -0.44     -0.88      0.15      0.031     0.16      0.99    
  -0.9       0.44     -0.042    -0.44     -0.88      0.15      0.031     0.16      0.99    
   0.34      0.9       0.28     -0.73      0.44     -0.52     -0.59     -0.031     0.81    
   0.95     -0.11      0.28      0.25      0.82     -0.52     -0.17      0.56      0.81    
   0.95     -0.11      0.28      0.25      0.82     -0.52     -0.17      0.56      0.81    
  -0.34     -0.9       0.28      0.73     -0.44     -0.52      0.59      0.031     0.81    
  -0.95     -0.15      0.28     -0.018    -0.86     -0.52      0.32     -0.49      0.81    
  -0.95     -0.15      0.28     -0.018    -0.86     -0.52      0.32     -0.49      0.81    
   0.042     0.96      0.26     -0.15      0.27     -0.95     -0.99     -0.0011    0.16    
   0.94      0.2       0.26      0.22      0.22     -0.95     -0.25      0.95      0.16    
  -0.26      0.2       0.94      0.95      0.22      0.22     -0.16      0.95     -0.25    
  -0.1       0.32      0.94      0.9      -0.37      0.22      0.42      0.87     -0.25    
  -0.1       0.32      0.94      0.9      -0.37      0.22      0.42      0.87     -0.25    
  -0.042    -0.96      0.26      0.15     -0.27     -0.95      0.99      0.0011    0.16    
   0.86     -0.43      0.26      0.31      0.033    -0.95      0.4       0.9       0.16    
  -0.26     -0.43      0.86      0.95      0.033     0.31     -0.16      0.9       0.4     
  -0.47     -0.19      0.86      0.78     -0.54      0.31      0.41      0.82      0.4     
  -0.47     -0.19      0.86      0.78     -0.54      0.31      0.41      0.82      0.4     

SITE_XPOS
   0         0         0.15    
  -1.5      -0.25      0.081   
  -1.6      -0.061     0.049   
  -1.4      -0.13      0.065   
  -1.6      -0.18      0.065   
  -1.5      -0.13      0.21    
  -1.5      -0.16      0.016   
  -1.4      -0.32      0.094   
  -1.4      -0.35      0.1     
  -1.4      -0.28      0.091   
  -1.4      -0.38      0.1     
  -1.4      -0.32      0.15    
  -1.4      -0.34      0.049   
  -1.3      -0.4       0.11    
  -1.2      -0.49      0.13    
  -1.2      -0.42      0.12    
  -1.3      -0.46      0.12    
  -1.3      -0.43      0.17    
  -1.3      -0.45      0.072   
  -1.2      -0.36      0.14    
  -1.2      -0.28      0.2     
  -1.2      -0.33      0.18    
  -1.1      -0.31      0.16    
  -1.2      -0.34      0.21    
  -1.2      -0.29      0.13    
  -1.4      -0.52      0.1     
  -1.4      -0.61      0.055   
  -1.3      -0.57      0.064   
  -1.4      -0.57      0.096   
  -1.4      -0.59      0.12    
  -1.4      -0.54      0.04    
  -1.4      -0.1       0.1     
  -1.3      -0.11      0.2     
  -1.3      -0.14      0.28    
  -1.3      -0.17      0.22    
  -1.3      -0.079     0.26    
  -1.3      -0.11      0.23    
  -1.4      -0.14      0.25    
  -1.7      -0.2       0.1     
  -1.7      -0.22      0.19    
  -1.8      -0.27      0.27    
  -1.7      -0.28      0.21    
  -1.8      -0.2       0.25    
  -1.7      -0.23      0.25    
  -1.8      -0.26      0.21    

SITE_XMAT
   1         0         0         0         1         0         0         0         1       
  -0.96      0.26     -0.042    -0.27     -0.95      0.15      0.0011    0.16      0.99    
   0.96     -0.26     -0.042     0.27      0.95      0.15     -0.0011   -0.16      0.99    
   0.26      0.96     -0.042    -0.95      0.27      0.15      0.16     -0.0011    0.99    
  -0.26     -0.96     -0.042     0.95     -0.27      0.15     -0.16      0.0011    0.99    
  -0.96     -0.042    -0.26     -0.27      0.15      0.95      0.0011    0.99     -0.16    
   0.96      0.042    -0.26      0.27     -0.15      0.95     -0.0011   -0.99     -0.16    
  -0.28      0.96     -0.042    -0.95     -0.27      0.15      0.14      0.082     0.99    
  -0.28      0.96     -0.042    -0.95     -0.27      0.15      0.14      0.082     0.99    
   0.96      0.28     -0.042    -0.27      0.95      0.15      0.082    -0.14      0.99    
  -0.96     -0.28     -0.042     0.27     -0.95      0.15     -0.082     0.14      0.99    
  -0.28     -0.042    -0.96     -0.95      0.15      0.27      0.14      0.99     -0.082   
   0.28      0.042    -0.96      0.95     -0.15      0.27     -0.14     -0.99     -0.082   
  -0.9       0.44     -0.042    -0.44     -0.88      0.15      0.031     0.16      0.99    
  -0.9       0.44     -0.042    -0.44     -0.88      0.15      0.031     0.16      0.99    
   0.44      0.9      -0.042    -0.88      0.44      0.15      0.16     -0.031     0.99    
  -0.44     -0.9      -0.042     0.88     -0.44      0.15     -0.16      0.031     0.99    
  -0.9      -0.042    -0.44     -0.44      0.15      0.88      0.031     0.99     -0.16    
   0.9       0.042    -0.44      0.44     -0.15      0.88     -0.031    -0.99     -0.16    
   0.95     -0.11      0.28      0.25      0.82     -0.52     -0.17      0.56      0.81    
   0.95     -0.11      0.28      0.25      0.82     -0.52     -0.17      0.56      0.81    
  -0.11     -0.95      0.28      0.82     -0.25     -0.52      0.56      0.17      0.81    
   0.11      0.95      0.28     -0.82      0.25     -0.52     -0.56     -0.17      0.81    
   0.95      0.28      0.11      0.25     -0.52     -0.82     -0.17      0.81     -0.56    
  -0.95     -0.28      0.11     -0.25      0.52     -0.82      0.17     -0.81     -0.56    
  -0.95     -0.15      0.28     -0.018    -0.86     -0.52      0.32     -0.49      0.81    
  -0.95     -0.15      0.28     -0.018    -0.86     -0.52      0.32     -0.49      0.81    
  -0.15      0.95      0.28     -0.86      0.018    -0.52     -0.49     -0.32      0.81    
   0.15     -0.95      0.28      0.86     -0.018    -0.52      0.49      0.32      0.81    
  -0.95      0.28      0.15     -0.018    -0.52      0.86      0.32      0.81      0.49    
   0.95     -0.28      0.15      0.018     0.52      0.86     -0.32     -0.81      0.49    
   0.94      0.2       0.26      0.22      0.22     -0.95     -0.25      0.95      0.16    
  -0.1       0.32      0.94      0.9      -0.37      0.22      0.42      0.87     -0.25    
  -0.1       0.32      0.94      0.9      -0.37      0.22      0.42      0.87     -0.25    
   0.32      0.1       0.94     -0.37     -0.9       0.22      0.87     -0.42     -0.25    
  -0.32     -0.1       0.94      0.37      0.9       0.22     -0.87      0.42     -0.25    
  -0.1       0.94     -0.32      0.9       0.22      0.37      0.42     -0.25     -0.87    
   0.1      -0.94     -0.32     -0.9      -0.22      0.37     -0.42      0.25     -0.87    
   0.86     -0.43      0.26      0.31      0.033    -0.95      0.4       0.9       0.16    
  -0.47     -0.19      0.86      0.78     -0.54      0.31      0.41      0.82      0.4     
  -0.47     -0.19      0.86      0.78     -0.54      0.31      0.41      0.82      0.4     
  -0.19      0.47      0.86     -0.54     -0.78      0.31      0.82     -0.41      0.4     
   0.19     -0.47      0.86      0.54      0.78      0.31     -0.82      0.41      0.4     
  -0.47      0.86      0.19      0.78      0.31      0.54      0.41      0.4      -0.82    
   0.47     -0.86      0.19     -0.78     -0.31      0.54     -0.41     -0.4      -0.82    

LIGHT_XPOS
   0         0         1       

LIGHT_XDIR
   0         0        -1       

SUBTREE_COM
  -1.5      -0.22      0.12    
  -1.5      -0.22      0.12    
  -1.5      -0.22      0.12    
  -1.3      -0.39      0.11    
  -1.5      -0.28      0.086   
  -1.3      -0.41      0.11    
  -1.3      -0.41      0.12    
  -1.3      -0.42      0.12    
  -1.3      -0.35      0.1     
  -1.3      -0.44      0.12    
  -1.3      -0.44      0.12    
  -1.2      -0.38      0.14    
  -1.2      -0.41      0.12    
  -1.2      -0.34      0.15    
  -1.2      -0.32      0.17    
  -1.3      -0.51      0.11    
  -1.3      -0.48      0.12    
  -1.4      -0.54      0.095   
  -1.4      -0.57      0.08    
  -1.4      -0.11      0.13    
  -1.4      -0.12      0.065   
  -1.4      -0.11      0.15    
  -1.3      -0.11      0.17    
  -1.4      -0.098     0.13    
  -1.3      -0.11      0.21    
  -1.3      -0.12      0.24    
  -1.7      -0.2       0.12    
  -1.7      -0.19      0.065   
  -1.7      -0.21      0.15    
  -1.7      -0.21      0.16    
  -1.7      -0.2       0.13    
  -1.7      -0.23      0.21    
  -1.7      -0.24      0.23    

CDOF
   0         0         0         1         0         0       
   0         0         0         0         1         0       
   0         0         0         0         0         1       
  -0.96     -0.27      0.0011   -0.0046    0.017     0.19    
   0.26     -0.95      0.16      0.01      0.0097    0.04    
  -0.042     0.15      0.99      0.17      0.09     -0.0067  
  -0.042     0.15      0.99     -0.078     0.02     -0.0064  
  -0.042     0.15      0.99     -0.13     -0.17      0.021   
   0.28     -0.52      0.81     -0.13     -0.25     -0.11    
   0.28     -0.52      0.81     -0.21     -0.09      0.016   
   0.26     -0.95      0.16     -0.031    -0.028    -0.12    
   0.94      0.22     -0.25     -0.043     0.07     -0.1     
   0.26     -0.95      0.16     -0.044     0.021     0.2     
   0.86      0.31      0.4      -0.0003    0.14     -0.1     

CINERT
   0         0         0         0         0         0         0         0         0         0       
   0         0         0         0         0         0        -0         0        -0         0       
   0.013     0.011     0.017     0.0049   -0.00012   0.00015  -0.064     0.077    -0.0019    1       
   0.00012   0.00015   0.00012  -5.5e-05  -7.5e-05  -5.5e-05  -0.0021   -0.0016   -0.0021    0.06    
   8.8e-05   4.2e-05   8.4e-05  -2.9e-05  -1.7e-05  -3.3e-05  -0.00055  -0.0011   -0.00061   0.02    
   0.00035   3.7e-05   0.00033  -1.3e-06   1e-07    -8.5e-05  -5.6e-06  -0.0035   -0.00097   0.04    
   0.00074   0.00036   0.00097   0.0004    6.8e-05  -0.00011   0.0037   -0.0059   -0.001     0.055   
   0.00088   0.00081   0.0017    0.00083   9.8e-05  -0.0001    0.0069   -0.0072   -0.00086   0.06    
   0.00034   0.00043   0.00075   0.00037   3.4e-05  -3e-05     0.0029   -0.0026   -0.00024   0.02    
   0.00097   0.0013    0.0023    0.0011    4.5e-05  -3.9e-05   0.0073   -0.0062   -0.00025   0.04    
   0.0027    0.0026    0.0051    0.0025   -5.6e-05   5.7e-05   0.012    -0.012     0.00026   0.055   
   0.0023    0.004     0.0062    0.003    -5e-05     3.7e-05   0.015    -0.012     0.00019   0.06    
   0.00066   0.0016    0.0023    0.001    -1.3e-05   8.3e-06   0.0057   -0.0036    4.6e-05   0.02    
   0.00094   0.0038    0.0047    0.0019   -0.00016   7.8e-05   0.012    -0.006     0.0005    0.04    
   0.00073   0.0052    0.0056    0.0016   -0.00086   0.00027   0.017    -0.0052    0.0029    0.055   
   0.0034    0.0017    0.0051    0.0024   -6.3e-05   9e-05     0.01     -0.014     0.00038   0.06    
   0.0013    0.00041   0.0017    0.00071  -2e-05     3.6e-05   0.0028   -0.005     0.00014   0.02    
   0.0032    0.00051   0.0037    0.0012    7.9e-06  -1.8e-05   0.0044   -0.011    -6.9e-05   0.04    
   0.0066    0.00072   0.0071    0.0019    0.0002   -0.00068   0.0055   -0.019    -0.002     0.055   
   0.00071   0.00023   0.00062  -0.0002    0.00011   0.0003    0.0021    0.0058   -0.0031    0.06    
   0.00028   0.00014   0.00031  -0.00013   6.5e-05   0.00011   0.0013    0.0021   -0.001     0.02    
   0.0006    0.00043   0.00093  -0.00045   0.00013   0.00015   0.0039    0.0046   -0.0013    0.04    
   0.00088   0.00062   0.0015   -0.00073   8e-05     9.6e-05   0.006     0.0072   -0.0008    0.06    
   0.00034   0.00024   0.00056  -0.00027  -3.3e-05  -3.9e-05   0.0021    0.0025    0.00031   0.02    
   0.0008    0.00073   0.0012   -0.0006   -0.00029  -0.00031   0.0048    0.005     0.0025    0.04    
   0.0015    0.002     0.0017   -0.00078  -0.00095  -0.00068   0.0078    0.0055    0.0067    0.055   
   0.00026   0.0017    0.0016    0.0004   -0.00049   0.00013  -0.0095    0.0025   -0.0031    0.06    
   8.4e-05   0.00076   0.00073   0.00013  -0.00019   3.5e-05  -0.0037    0.00069  -0.001     0.02    
   8.7e-05   0.0021    0.0021    0.00024  -0.0003    3.6e-05  -0.009     0.0011   -0.0013    0.04    
   5.9e-05   0.0033    0.0033    0.00038  -0.00021   2.5e-05  -0.014     0.0017   -0.0009    0.06    
   2.9e-05   0.0012    0.0012    0.00014   6e-05    -6.9e-06  -0.0049    0.00057   0.00024   0.02    
   0.00015   0.0029    0.0028    0.0002    0.00058  -4.3e-05  -0.01      0.00075   0.0022    0.04    
   0.00082   0.005     0.0043   -0.00029   0.0017    0.00012  -0.015    -0.001     0.0062    0.055   

ACTUATOR_LENGTH
   1       
  -0.83    
   1.3     
   0.61    
  -1.2     
   0.64    
   1.3     
   1.1     

actuator_moment
----------------
       x        |
        x       |
           x    |
            x   |
             x  |
              x |
         x      |
          x     |
----------------

ACTUATOR_MOMENT
     6:  1       
     7:  1       
    10:  1       
    11:  1       
    12:  1       
    13:  1       
     8:  1       
     9:  1       

CRB
   0         0         0         0         0         0         0         0         0         0       
   0.044     0.056     0.087     0.022    -0.00071  -0.00052   3.7e-16   1.1e-16  -2.7e-17   2.3     
   0.044     0.056     0.087     0.022    -0.00071  -0.00052   3.7e-16   1.1e-16  -2.7e-17   2.3     
   0.025     0.024     0.048     0.019    -0.00086  -0.00058   0.1      -0.12     -0.0037    0.7     
   8.8e-05   4.2e-05   8.4e-05  -2.9e-05  -1.7e-05  -3.3e-05  -0.00055  -0.0011   -0.00061   0.02    
   0.025     0.023     0.047     0.019    -0.00076  -0.00049   0.11     -0.11     -0.001     0.62    
   0.025     0.023     0.047     0.019    -0.00076  -0.00041   0.11     -0.11     -3.1e-05   0.58    
   0.024     0.023     0.046     0.019    -0.00083  -0.0003    0.1      -0.1       0.00098   0.52    
   0.00034   0.00043   0.00075   0.00037   3.4e-05  -3e-05     0.0029   -0.0026   -0.00024   0.02    
   0.023     0.022     0.044     0.017    -0.00096  -0.00016   0.092    -0.094     0.0021    0.44    
   0.022     0.021     0.041     0.016    -0.001    -0.00013   0.084    -0.088     0.0023    0.4     
   0.0046    0.015     0.019     0.0074   -0.0011    0.00039   0.05     -0.026     0.0036    0.17    
   0.00066   0.0016    0.0023    0.001    -1.3e-05   8.3e-06   0.0057   -0.0036    4.6e-05   0.02    
   0.0017    0.0091    0.01      0.0034   -0.001     0.00035   0.029    -0.011     0.0034    0.095   
   0.00073   0.0052    0.0056    0.0016   -0.00086   0.00027   0.017    -0.0052    0.0029    0.055   
   0.014     0.0033    0.017     0.0062    0.00012  -0.00057   0.023    -0.049    -0.0015    0.17    
   0.0013    0.00041   0.0017    0.00071  -2e-05     3.6e-05   0.0028   -0.005     0.00014   0.02    
   0.0098    0.0012    0.011     0.0031    0.00021  -0.0007    0.0099   -0.03     -0.0021    0.095   
   0.0066    0.00072   0.0071    0.0019    0.0002   -0.00068   0.0055   -0.019    -0.002     0.055   
   0.0051    0.0044    0.0069   -0.0032   -0.0009   -0.00038   0.028     0.033     0.0033    0.3     
   0.00028   0.00014   0.00031  -0.00013   6.5e-05   0.00011   0.0013    0.0021   -0.001     0.02    
   0.0041    0.004     0.0059   -0.0028   -0.0011   -0.00078   0.025     0.025     0.0074    0.21    
   0.0035    0.0036    0.005    -0.0024   -0.0012   -0.00093   0.021     0.02      0.0087    0.17    
   0.00034   0.00024   0.00056  -0.00027  -3.3e-05  -3.9e-05   0.0021    0.0025    0.00031   0.02    
   0.0023    0.0028    0.003    -0.0014   -0.0012   -0.00099   0.013     0.011     0.0092    0.095   
   0.0015    0.002     0.0017   -0.00078  -0.00095  -0.00068   0.0078    0.0055    0.0067    0.055   
   0.0015    0.017     0.016     0.0012    0.0012    0.00029  -0.067     0.0062    0.0024    0.3     
   8.4e-05   0.00076   0.00073   0.00013  -0.00019   3.5e-05  -0.0037    0.00069  -0.001     0.02    
   0.0011    0.014     0.014     0.00067   0.0018    0.00013  -0.054     0.003     0.0065    0.21    
   0.0011    0.012     0.012     0.00043   0.0021    9.3e-05  -0.045     0.0019    0.0078    0.17    
   2.9e-05   0.0012    0.0012    0.00014   6e-05    -6.9e-06  -0.0049    0.00057   0.00024   0.02    
   0.00097   0.0079    0.0071   -9.2e-05   0.0023    7.5e-05  -0.026    -0.0003    0.0084    0.095   
   0.00082   0.005     0.0043   -0.00029   0.0017    0.00012  -0.015    -0.001     0.0062    0.055   

QM
   2.3     
   0         2.3     
   0         0         2.3     
  -0.011     0.04      0.43      0.14    
   0.024     0.022     0.092     0.039     0.049   
   0.39      0.21     -0.015    -0.0038    0.013     0.17    
   0.063     0.12     -0.015    -0.0038    0.0051    0.061     0.037   
   0.034     0.015    -0.00091   0.00068   0.0024    0.022     0.013     0.0079  
  -0.0055   -0.0014    0.001     0.00036   0.0004   -0.0021   -0.0006    7.5e-06   0.00057 
   0.0054    0.0001   -0.0018   -0.00098   0.0005    0.0028    0.0014    0.0011              0.00057 
  -0.018    -0.0041    0.0047    0.00061   0.0024   -0.0023                                            0.0025  
   0.00057  -0.0052   -0.0024   -0.0011   -0.00055  -0.0011                                            3.8e-19   0.00057 
  -0.016    -0.0058   -0.0075   -0.00098   0.0029   -0.0022                                                                0.0025  
   0.0027   -0.0045   -0.0023   -0.001     0.00057   0.0013                                                                3.3e-19   0.00057 

M
     0:  2.3     
     0:  0          1:  2.3     
     0:  0          1:  0          2:  2.3     
     0: -0.011      1:  0.04       2:  0.43       3:  0.14    
     0:  0.024      1:  0.022      2:  0.092      3:  0.039      4:  0.049   
     0:  0.39       1:  0.21       2: -0.015      3: -0.0038     4:  0.013      5:  0.17    
     0:  0.063      1:  0.12       2: -0.015      3: -0.0038     4:  0.0051     5:  0.061      6:  0.037   
     0:  0.034      1:  0.015      2: -0.00091    3:  0.00068    4:  0.0024     5:  0.022      6:  0.013      7:  0.0079  
     0: -0.0055     1: -0.0014     2:  0.001      3:  0.00036    4:  0.0004     5: -0.0021     6: -0.0006     7:  7.5e-06    8:  0.00057 
     0:  0.0054     1:  0.0001     2: -0.0018     3: -0.00098    4:  0.0005     5:  0.0028     6:  0.0014     7:  0.0011     9:  0.00057 
     0: -0.018      1: -0.0041     2:  0.0047     3:  0.00061    4:  0.0024     5: -0.0023    10:  0.0025  
     0:  0.00057    1: -0.0052     2: -0.0024     3: -0.0011     4: -0.00055    5: -0.0011    10:  3.8e-19   11:  0.00057 
     0: -0.016      1: -0.0058     2: -0.0075     3: -0.00098    4:  0.0029     5: -0.0022    12:  0.0025  
     0:  0.0027     1: -0.0045     2: -0.0023     3: -0.001      4:  0.00057    5:  0.0013    12:  3.3e-19   13:  0.00057 

QLD
     0:  0.84    
     0: -0.13       1:  1.6     
     0:  0.057      1: -0.12       2:  0.88    
     0: -0.37       1:  0.28       2:  3.5        3:  0.091   
     0:  0.52       1:  0.42       2:  2.4        3:  0.99       4:  0.04    
     0:  4          1:  0.34       2:  0.15       3:  0.043      4:  0.12       5:  0.06    
     0:  0.24       1:  5.4        2: -0.85       3: -0.32       4:  0.11       5:  1.4        6:  0.016   
     0:  4          1:  2.5        2:  0.43       3:  0.43       4:  0.24       5:  2.9        6:  1.7        7:  0.0059  
     0: -9.7        1: -2.5        2:  1.8        3:  0.63       4:  0.71       5: -3.6        6: -1          7:  0.013      8:  0.00057 
     0:  9.6        1:  0.18       2: -3.2        3: -1.7        4:  0.88       5:  5          6:  2.5        7:  1.9        9:  0.00057 
     0: -7          1: -1.6        2:  1.9        3:  0.24       4:  0.94       5: -0.92      10:  0.0025  
     0:  1          1: -9.2        2: -4.2        3: -1.9        4: -0.97       5: -1.9       10:  6.7e-16   11:  0.00057 
     0: -6.4        1: -2.3        2: -3          3: -0.39       4:  1.1        5: -0.89      12:  0.0025  
     0:  4.7        1: -8          2: -4.1        3: -1.8        4:  1          5:  2.3       12:  5.7e-16   13:  0.00057 

QLDIAGINV
   1.2     
   0.62    
   1.1     
   11      
   25      
   17      
   61      
   1.7e+02 
   1.8e+03 
   1.8e+03 
   3.9e+02 
   1.8e+03 
   4e+02   
   1.8e+03 

M: inertia structure
----------------
 x              |
 xx             |
 xxx            |
 xxxx           |
 xxxxx          |
 xxxxxx         |
 xxxxxxx        |
 xxxxxxxx       |
 xxxxxxxxx      |
 xxxxxxxx x     |
 xxxxxx    x    |
 xxxxxx    xx   |
 xxxxxx      x  |
 xxxxxx      xx |
----------------

iM: block-diagonal inertia (nnzs are island ids)
----------------
 0              |
 00             |
 000            |
 0000           |
 00000          |
 000000         |
 0000000        |
 00000000       |
 000000000      |
 00000000 0     |
 000000    0    |
 000000    00   |
 000000      0  |
 000000      00 |
----------------

QH
     0:  0.96    
     0: -0.15       1:  1.8     
     0:  0.044      1: -0.13       2:  0.9     
     0: -0.21       1:  0.4        2:  3.4        3:  0.1     
     0:  0.2        1:  0.29       2:  2.2        3:  0.9        4:  0.044   
     0:  3.8        1:  0.42       2:  0.089      3:  0.02       4:  0.093      5:  0.072   
     0:  0.81       1:  4.2        2: -0.6        3: -0.2        4:  0.093      5:  1.4        6:  0.023   
     0:  3.3        1:  1.6        2: -0.016      3:  0.12       4:  0.23       5:  2.2        6:  1.3        7:  0.0094  
     0: -2.1        1: -0.56       2:  0.39       3:  0.14       4:  0.16       5: -0.81       6: -0.23       7:  0.0029     8:  0.0026  
     0:  2.1        1:  0.041      2: -0.71       3: -0.38       4:  0.19       5:  1.1        6:  0.56       7:  0.42       9:  0.0026  
     0: -3.9        1: -0.91       2:  1          3:  0.14       4:  0.53       5: -0.52      10:  0.0045  
     0:  0.22       1: -2          2: -0.93       3: -0.42       4: -0.22       5: -0.43      10:  1.5e-16   11:  0.0026  
     0: -3.6        1: -1.3        2: -1.7        3: -0.22       4:  0.64       5: -0.49      12:  0.0045  
     0:  1          1: -1.8        2: -0.91       3: -0.4        4:  0.22       5:  0.5       12:  1.3e-16   13:  0.0026  

QHDIAGINV
   1       
   0.56    
   1.1     
   9.9     
   23      
   14      
   43      
   1.1e+02 
   3.9e+02 
   3.9e+02 
   2.2e+02 
   3.9e+02 
   2.2e+02 
   3.9e+02 

QDERIV
     0:  0          1:  0          2:  0          3:  0          4:  0          5:  0          6:  0          7:  0          8:  0          9:  0         10:  0         11:  0         12:  0         13:  0       
     0:  0          1:  0          2:  0          3:  0          4:  0          5:  0          6:  0          7:  0          8:  0          9:  0         10:  0         11:  0         12:  0         13:  0       
     0:  0          1:  0          2:  0          3:  0          4:  0          5:  0          6:  0          7:  0          8:  0          9:  0         10:  0         11:  0         12:  0         13:  0       
     0:  0          1:  0          2:  0          3:  0          4:  0          5:  0          6:  0          7:  0          8:  0          9:  0         10:  0         11:  0         12:  0         13:  0       
     0:  0          1:  0          2:  0          3:  0          4:  0          5:  0          6:  0          7:  0          8:  0          9:  0         10:  0         11:  0         12:  0         13:  0       
     0:  0          1:  0          2:  0          3:  0          4:  0          5:  0          6:  0          7:  0          8:  0          9:  0         10:  0         11:  0         12:  0         13:  0       
     0:  0          1:  0          2:  0          3:  0          4:  0          5:  0          6: -1          7:  0          8:  0          9:  0       
     0:  0          1:  0          2:  0          3:  0          4:  0          5:  0          6:  0          7: -1          8:  0          9:  0       
     0:  0          1:  0          2:  0          3:  0          4:  0          5:  0          6:  0          7:  0          8: -1       
     0:  0          1:  0          2:  0          3:  0          4:  0          5:  0          6:  0          7:  0          9: -1       
     0:  0          1:  0          2:  0          3:  0          4:  0          5:  0         10: -1         11:  0       
     0:  0          1:  0          2:  0          3:  0          4:  0          5:  0         10:  0         11: -1       
     0:  0          1:  0          2:  0          3:  0          4:  0          5:  0         12: -1         13:  0       
     0:  0          1:  0          2:  0          3:  0          4:  0          5:  0         12:  0         13: -1       

CONTACT
  0:
     dim           3
     geoms         floor : robot-core
     exclude       0
     efc_address   0
     solref         0.02      1       
     solimp         0.9       0.95      0.001     0.5       2       
     dist          -0.00024 
     includemargin  0       
     pos           -1.5      -0.042    -0.00012 
     frame          0         0         1         0         1         0        -1         0         0       
     friction       1         1         0.005     0.0001    0.0001  
     mu             1       
     force          9.9      -5.5       0.2       0         0         0       
  1:
     dim           3
     geoms         floor : robot-core
     exclude       0
     efc_address   4
     solref         0.02      1       
     solimp         0.9       0.95      0.001     0.5       2       
     dist          -2.1e-05 
     includemargin  0       
     pos           -1.6      -0.095    -1.1e-05 
     frame          0         0         1         0         1         0        -1         0         0       
     friction       1         1         0.005     0.0001    0.0001  
     mu             1       
     force          5.7       4.7       1         0         0         0       
  2:
     dim           3
     geoms         floor : robot-br_flippercore
     exclude       0
     efc_address   8
     solref         0.02      1       
     solimp         0.9       0.95      0.001     0.5       2       
     dist          -0.00097 
     includemargin  0       
     pos           -1.3      -0.58     -0.00048 
     frame          0         0         1         0         1         0        -1         0         0       
     friction       1         1         0.005     0.0001    0.0001  
     mu             1       
     force          7         0.46     -1.8       0         0         0       

EFC_TYPE
  6
  6
  6
  6
  6
  6
  6
  6
  6
  6
  6
  6

EFC_ID
  0
  0
  0
  0
  1
  1
  1
  1
  2
  2
  2
  2

EFC_J
   0         1         1        -0.079     0.14      0.079     0         0         0         0         0         0         0         0       
   0        -1         1         0.11      0.056    -0.11      0         0         0         0         0         0         0         0       
  -1         0         1        -0.01      0.0065    0.01      0         0         0         0         0         0         0         0       
   1         0         1         0.042     0.19     -0.042     0         0         0         0         0         0         0         0       
   0         1         1        -0.079    -0.087    -0.079     0         0         0         0         0         0         0         0       
   0        -1         1         0.11     -0.11      0.11      0         0         0         0         0         0         0         0       
  -1         0         1        -0.01     -0.2      -0.01      0         0         0         0         0         0         0         0       
   1         0         1         0.042     0.0017    0.042     0         0         0         0         0         0         0         0       
   0         1         1         0.47      0.13      0.2       0.13     -0.034     0         0.025     0         0         0         0       
   0        -1         1         0.66      0.0048   -0.22     -0.15      0.067     0        -0.065     0         0         0         0       
  -1         0         1         0.54     -0.11     -0.52     -0.27     -0.19      0        -0.16      0         0         0         0       
   1         0         1         0.6       0.24      0.5       0.25      0.22      0         0.12      0         0         0         0       

IEFC_J
   0         1         1        -0.079     0.14      0.079     0         0         0         0         0         0         0         0       
   0        -1         1         0.11      0.056    -0.11      0         0         0         0         0         0         0         0       
  -1         0         1        -0.01      0.0065    0.01      0         0         0         0         0         0         0         0       
   1         0         1         0.042     0.19     -0.042     0         0         0         0         0         0         0         0       
   0         1         1        -0.079    -0.087    -0.079     0         0         0         0         0         0         0         0       
   0        -1         1         0.11     -0.11      0.11      0         0         0         0         0         0         0         0       
  -1         0         1        -0.01     -0.2      -0.01      0         0         0         0         0         0         0         0       
   1         0         1         0.042     0.0017    0.042     0         0         0         0         0         0         0         0       
   0         1         1         0.47      0.13      0.2       0.13     -0.034     0         0.025     0         0         0         0       
   0        -1         1         0.66      0.0048   -0.22     -0.15      0.067     0        -0.065     0         0         0         0       
  -1         0         1         0.54     -0.11     -0.52     -0.27     -0.19      0        -0.16      0         0         0         0       
   1         0         1         0.6       0.24      0.5       0.25      0.22      0         0.12      0         0         0         0       

EFC_POS
  -0.00024 
  -0.00024 
  -0.00024 
  -0.00024 
  -2.1e-05 
  -2.1e-05 
  -2.1e-05 
  -2.1e-05 
  -0.00097 
  -0.00097 
  -0.00097 
  -0.00097 

EFC_MARGIN
   0       
   0       
   0       
   0       
   0       
   0       
   0       
   0       
   0       
   0       
   0       
   0       

EFC_FRICTIONLOSS
   0       
   0       
   0       
   0       
   0       
   0       
   0       
   0       
   0       
   0       
   0       
   0       

EFC_DIAGAPPROX
   2.4     
   2.4     
   2.4     
   2.4     
   2.4     
   2.4     
   2.4     
   2.4     
   30      
   30      
   30      
   30      

EFC_KBIP
   2.8e+03   1.1e+02   0.91     -48      
   2.8e+03   1.1e+02   0.91     -48      
   2.8e+03   1.1e+02   0.91     -48      
   2.8e+03   1.1e+02   0.91     -48      
   2.8e+03   1.1e+02   0.9      -4.2     
   2.8e+03   1.1e+02   0.9      -4.2     
   2.8e+03   1.1e+02   0.9      -4.2     
   2.8e+03   1.1e+02   0.9      -4.2     
   2.8e+03   1.1e+02   0.95     -6       
   2.8e+03   1.1e+02   0.95     -6       
   2.8e+03   1.1e+02   0.95     -6       
   2.8e+03   1.1e+02   0.95     -6       

EFC_D
   4       
   4       
   4       
   4       
   3.8     
   3.8     
   3.8     
   3.8     
   0.64    
   0.64    
   0.64    
   0.64    

EFC_R
   0.25    
   0.25    
   0.25    
   0.25    
   0.27    
   0.27    
   0.27    
   0.27    
   1.6     
   1.6     
   1.6     
   1.6     

ACTUATOR_VELOCITY
  -0.46    
  -0.25    
   0.21    
   0.99    
  -0.34    
   0.96    
   0.23    
   0.67    

CVEL
   0         0         0         0         0         0       
  -0.025     0.012     0.1       0.02      0.0078    0.0049  
  -0.025     0.012     0.1       0.02      0.0078    0.0049  
  -0.025     0.012     0.1       0.02      0.0078    0.0049  
  -0.025     0.012     0.1       0.02      0.0078    0.0049  
  -0.0058   -0.059    -0.35      0.056    -0.0015    0.0079  
  -0.0058   -0.059    -0.35      0.056    -0.0015    0.0079  
  -0.0058   -0.059    -0.35      0.056    -0.0015    0.0079  
  -0.0058   -0.059    -0.35      0.056    -0.0015    0.0079  
   0.0046   -0.098    -0.6       0.09      0.041     0.0026  
   0.0046   -0.098    -0.6       0.09      0.041     0.0026  
   0.0046   -0.098    -0.6       0.09      0.041     0.0026  
   0.0046   -0.098    -0.6       0.09      0.041     0.0026  
   0.069    -0.22     -0.42      0.059    -0.016    -0.023   
   0.069    -0.22     -0.42      0.059    -0.016    -0.023   
   0.0046   -0.098    -0.6       0.09      0.041     0.0026  
   0.0046   -0.098    -0.6       0.09      0.041     0.0026  
   0.19     -0.44     -0.059    -0.051    -0.019     0.013   
   0.19     -0.44     -0.059    -0.051    -0.019     0.013   
  -0.025     0.012     0.1       0.02      0.0078    0.0049  
  -0.025     0.012     0.1       0.02      0.0078    0.0049  
   0.032    -0.19      0.14      0.014     0.0017   -0.02    
   0.032    -0.19      0.14      0.014     0.0017   -0.02    
   0.032    -0.19      0.14      0.014     0.0017   -0.02    
   0.96      0.024    -0.11     -0.029     0.071    -0.12    
   0.96      0.024    -0.11     -0.029     0.071    -0.12    
  -0.025     0.012     0.1       0.02      0.0078    0.0049  
  -0.025     0.012     0.1       0.02      0.0078    0.0049  
  -0.12      0.34      0.047     0.036     0.00069  -0.063   
  -0.12      0.34      0.047     0.036     0.00069  -0.063   
  -0.12      0.34      0.047     0.036     0.00069  -0.063   
   0.71      0.63      0.43      0.035     0.13     -0.16    
   0.71      0.63      0.43      0.035     0.13     -0.16    

CDOF_DOT
   0         0         0         0         0         0       
   0         0         0         0         0         0       
   0         0         0         0         0         0       
   0        -0         0         0.00043  -0.0016   -0.0025  
   0         0        -0         0.0013   -8.4e-06  -0.0022  
   0        -0         0        -0.002    -0.0028    0.00035 
  -0.0042    0.02     -0.0034    0.0048   -0.028     0.0039  
  -0.0042    0.02     -0.0034   -0.064    -0.0087    0.0017  
  -0.39     -0.17      0.025    -0.11      0.0097   -0.072   
  -0.39     -0.17      0.025    -0.021     0.054    -0.079   
   0.098     0.031     0.021     0.0074   -0.0081   -0.02    
   0.018     0.14      0.19      0.014    -0.018    -0.0047  
   0.098     0.031     0.021     0.0061   -0.0015   -0.021   
   0.12      0.086    -0.33     -0.022    -0.08     -0.0053  

QFRC_BIAS
  -0.018   
   0.024   
   22      
   4.3     
   0.91    
  -0.15    
  -0.15    
  -0.0091  
   0.01    
  -0.018   
   0.046   
  -0.023   
  -0.073   
  -0.023   

QFRC_SPRING
   0       
   0       
   0       
   0       
   0       
   0       
   0       
   0       
   0       
   0       
   0       
   0       
   0       
   0       

QFRC_DAMPER
   0       
   0       
   0       
   0       
   0       
   0       
   0       
   0       
   0       
   0       
   0       
   0       
   0       
   0       

QFRC_GRAVCOMP
   0       
   0       
   0       
   0       
   0       
   0       
   0       
   0       
   0       
   0       
   0       
   0       
   0       
   0       

QFRC_FLUID
   0       
   0       
   0       
   0       
   0       
   0       
   0       
   0       
   0       
   0       
   0       
   0       
   0       
   0       

QFRC_PASSIVE
   0       
   0       
   0       
   0       
   0       
   0       
   0       
   0       
   0       
   0       
   0       
   0       
   0       
   0       

EFC_VEL
   0.0061  
  -0.0058  
  -0.00028 
   0.00064 
  -0.0098  
   0.017   
  -0.0021  
   0.0096  
  -0.0037  
   0.0036  
   0.02    
  -0.02    

EFC_AREF
  -0.042   
   1.2     
   0.63    
   0.53    
   1.1     
  -1.8     
   0.28    
  -0.96    
   2.9     
   2.2     
   0.46    
   4.7     

SUBTREE_LINVEL
   0         0         0       
   0         0         0       
   0         0         0       
   0         0         0       
   0         0         0       
   0         0         0       
   0         0         0       
   0         0         0       
   0         0         0       
   0         0         0       
   0         0         0       
   0         0         0       
   0         0         0       
   0         0         0       
   0         0         0       
   0         0         0       
   0         0         0       
   0         0         0       
   0         0         0       
   0         0         0       
   0         0         0       
   0         0         0       
   0         0         0       
   0         0         0       
   0         0         0       
   0         0         0       
   0         0         0       
   0         0         0       
   0         0         0       
   0         0         0       
   0         0         0       
   0         0         0       
   0         0         0       

SUBTREE_ANGMOM
   0         0         0       
   0         0         0       
   0         0         0       
   0         0         0       
   0         0         0       
   0         0         0       
   0         0         0       
   0         0         0       
   0         0         0       
   0         0         0       
   0         0         0       
   0         0         0       
   0         0         0       
   0         0         0       
   0         0         0       
   0         0         0       
   0         0         0       
   0         0         0       
   0         0         0       
   0         0         0       
   0         0         0       
   0         0         0       
   0         0         0       
   0         0         0       
   0         0         0       
   0         0         0       
   0         0         0       
   0         0         0       
   0         0         0       
   0         0         0       
   0         0         0       
   0         0         0       
   0         0         0       

ACTUATOR_FORCE
  -0.69    
  -0.49    
   0.041   
  -0.027   
  -0.076   
  -0.023   
   0.019   
  -0.15    

QFRC_ACTUATOR
   0       
   0       
   0       
   0       
   0       
   0       
  -0.69    
  -0.49    
   0.019   
  -0.15    
   0.041   
  -0.027   
  -0.076   
  -0.023   

QFRC_SMOOTH
   0.018   
  -0.024   
  -22      
  -4.3     
  -0.91    
   0.15    
  -0.54    
  -0.48    
   0.0087  
  -0.13    
  -0.0053  
  -0.0037  
  -0.0032  
   0.00011 

QACC_SMOOTH
  -3.7     
  -0.81    
  -9.5     
  -6.9     
   9.5     
   36      
  -47      
  -41      
   75      
  -2.3e+02 
   14      
   16      
  -37      
  -1.3e+02 

EFC_B
  -5.5     
  -14      
  -5.9     
  -14      
  -14      
  -4.7     
  -8.2     
  -11      
  -19      
  -4       
   27      
  -50      

EFC_FORCE
   0       
   5.5     
   2.3     
   2.1     
   4.7     
   0       
   1       
   0       
   2       
   1.5     
   0.85    
   2.7     

EFC_STATE
  1
  1
  1
  1
  1
  1
  1
  1
  1
  1
  0
  1

QFRC_CONSTRAINT
   0.61    
  -0.34    
   23      
   4.3     
   0.92    
  -0.13    
   0.45    
   0.46    
   0       
   0.13    
   0       
   0       
   0       
   0       

QFRC_INVERSE
   0       
   0       
   0       
   0       
   0       
   0       
   0       
   0       
   0       
   0       
   0       
   0       
   0       
   0       

CACC
   0         0         0         0         0         0       
   0         0         0         0         0         0       
   0         0         0         0         0         0       
   0         0         0         0         0         0       
   0         0         0         0         0         0       
   0         0         0         0         0         0       
   0         0         0         0         0         0       
   0         0         0         0         0         0       
   0         0         0         0         0         0       
   0         0         0         0         0         0       
   0         0         0         0         0         0       
   0         0         0         0         0         0       
   0         0         0         0         0         0       
   0         0         0         0         0         0       
   0         0         0         0         0         0       
   0         0         0         0         0         0       
   0         0         0         0         0         0       
   0         0         0         0         0         0       
   0         0         0         0         0         0       
   0         0         0         0         0         0       
   0         0         0         0         0         0       
   0         0         0         0         0         0       
   0         0         0         0         0         0       
   0         0         0         0         0         0       
   0         0         0         0         0         0       
   0         0         0         0         0         0       
   0         0         0         0         0         0       
   0         0         0         0         0         0       
   0         0         0         0         0         0       
   0         0         0         0         0         0       
   0         0         0         0         0         0       
   0         0         0         0         0         0       
   0         0         0         0         0         0       

CFRC_INT
   0         0         0         0         0         0       
   0         0         0         0         0         0       
   0         0         0         0         0         0       
   0         0         0         0         0         0       
   0         0         0         0         0         0       
   0         0         0         0         0         0       
   0         0         0         0         0         0       
   0         0         0         0         0         0       
   0         0         0         0         0         0       
   0         0         0         0         0         0       
   0         0         0         0         0         0       
   0         0         0         0         0         0       
   0         0         0         0         0         0       
   0         0         0         0         0         0       
   0         0         0         0         0         0       
   0         0         0         0         0         0       
   0         0         0         0         0         0       
   0         0         0         0         0         0       
   0         0         0         0         0         0       
   0         0         0         0         0         0       
   0         0         0         0         0         0       
   0         0         0         0         0         0       
   0         0         0         0         0         0       
   0         0         0         0         0         0       
   0         0         0         0         0         0       
   0         0         0         0         0         0       
   0         0         0         0         0         0       
   0         0         0         0         0         0       
   0         0         0         0         0         0       
   0         0         0         0         0         0       
   0         0         0         0         0         0       
   0         0         0         0         0         0       
   0         0         0         0         0         0       

CFRC_EXT
   0         0         0         0         0         0       
   0         0         0         0         0         0       
   0         0         0         0         0         0       
   0         0         0         0         0         0       
   0         0         0         0         0         0       
   0         0         0         0         0         0       
   0         0         0         0         0         0       
   0         0         0         0         0         0       
   0         0         0         0         0         0       
   0         0         0         0         0         0       
   0         0         0         0         0         0       
   0         0         0         0         0         0       
   0         0         0         0         0         0       
   0         0         0         0         0         0       
   0         0         0         0         0         0       
   0         0         0         0         0         0       
   0         0         0         0         0         0       
   0         0         0         0         0         0       
   0         0         0         0         0         0       
   0         0         0         0         0         0       
   0         0         0         0         0         0       
   0         0         0         0         0         0       
   0         0         0         0         0         0       
   0         0         0         0         0         0       
   0         0         0         0         0         0       
   0         0         0         0         0         0       
   0         0         0         0         0         0       
   0         0         0         0         0         0       
   0         0         0         0         0         0       
   0         0         0         0         0         0       
   0         0         0         0         0         0       
   0         0         0         0         0         0       
   0         0         0         0         0         0       

DOF_ISLAND            0 0 0 0 0 0 0 0 0 0 0 0 0 0

ISLAND_NV             14

ISLAND_IDOFADR        0

MAP_IDOF2DOF          0 1 2 3 4 5 6 7 8 9 10 11 12 13

EFC_ISLAND            0 0 0 0 0 0 0 0 0 0 0 0

ISLAND_NEFC           12

ISLAND_IEFCADR        0

MAP_IEFC2EFC          0 1 2 3 4 5 6 7 8 9 10 11

